-2.859120000000000061e+01 -2.400120000000000076e+01 1.687999999999999945e+00
-2.367429999999999879e+01 -3.446079999999999899e+01 1.687999999999999945e+00
6.597599999999999909e+00 -4.585009999999999764e+01 1.687999999999999945e+00
-3.234599999999999920e+00 1.215000000000000036e+01 3.980300000000000171e+00
-1.423200000000000021e+00 1.241000000000000014e+01 3.980300000000000171e+00
-1.177299999999999969e+01 -1.938019999999999854e+01 3.571899999999999853e+00
-2.264059999999999917e+01 -1.574070000000000036e+01 3.571899999999999853e+00
2.457939999999999969e+01 -4.203090000000000259e+01 3.571899999999999853e+00
-1.513640000000000008e+01 -2.759029999999999916e+01 3.571899999999999853e+00
-1.630069999999999908e+01 -2.828040000000000020e+01 3.571899999999999853e+00
-3.169679999999999964e+01 -1.638139999999999930e+01 2.016000000000000014e+00
-1.772319999999999851e+01 -3.874040000000000106e+01 2.016000000000000014e+00
5.950800000000000090e+00 -4.364009999999999678e+01 2.016000000000000014e+00
-4.269700000000000273e+00 1.048000000000000043e+01 3.975000000000000089e+00
-1.552599999999999980e+00 1.090000000000000036e+01 3.975000000000000089e+00
-2.586999999999999855e-01 -3.105999999999999872e+01 2.654999999999999805e+00
2.975499999999999812e+00 -3.322999999999999687e+01 2.654999999999999805e+00
-7.504199999999999982e+00 6.079900000000000304e+00 5.660499999999999865e+00
-1.293999999999999873e-01 5.809999999999999609e+00 5.660499999999999865e+00
3.790570000000000306e+01 -2.601200000000000045e+01 5.660499999999999865e+00
1.293600000000000083e+00 -5.170000000000000284e+01 5.283000000000000362e+00
-3.648270000000000124e+01 -2.580189999999999984e+01 5.283000000000000362e+00
-2.548489999999999966e+01 -4.241089999999999804e+01 5.283000000000000362e+00
-2.354550000000000054e+01 -2.604080000000000084e+01 1.042999999999999927e+00
-2.108719999999999928e+01 -3.126060000000000016e+01 1.042999999999999927e+00
3.104800000000000004e+00 -4.267000000000000171e+01 1.042999999999999927e+00
-1.746420000000000172e+01 -4.477040000000000219e+01 3.052000000000000046e+00
-6.338799999999999990e+00 -4.801010000000000133e+01 3.052000000000000046e+00
-3.648319999999999652e+01 -2.059189999999999898e+01 3.052000000000000046e+00
-8.280300000000000438e+00 -7.000999999999999446e-01 1.024999999999999911e+00
5.045799999999999841e+00 -3.370000000000000107e+00 1.024999999999999911e+00
1.992370000000000019e+01 -1.603059999999999974e+01 1.024999999999999911e+00
7.503599999999999604e+00 -2.130010000000000048e+01 4.758399999999999963e+00
1.436020000000000074e+01 -2.472030000000000172e+01 4.758399999999999963e+00
1.125539999999999985e+01 -2.123019999999999996e+01 5.723499999999999588e+00
1.216099999999999959e+01 -2.210020000000000095e+01 5.723499999999999588e+00
-3.752120000000000033e+01 7.698000000000000398e+00 5.723499999999999588e+00
-1.578219999999999956e+01 -4.893039999999999878e+01 3.785000000000000142e+00
-1.707590000000000074e+01 -4.851039999999999708e+01 3.785000000000000142e+00
-3.803509999999999991e+01 -2.622210000000000107e+01 3.785000000000000142e+00
-2.199500000000000011e+00 8.410000000000000142e+00 2.649000000000000021e+00
-1.319700000000000095e+00 8.689999999999999503e+00 2.649000000000000021e+00
-1.423300000000000010e+00 1.698999999999999844e+01 4.014999999999999680e+00
-6.469000000000000306e-01 1.707000000000000028e+01 4.014999999999999680e+00
3.376760000000000161e+01 -8.331599999999999895e+00 4.014999999999999680e+00
-2.329000000000000181e+00 1.651000000000000156e+01 4.014999999999999680e+00
3.881999999999999895e-01 1.691000000000000014e+01 4.014999999999999680e+00
3.350889999999999702e+01 -7.641600000000000392e+00 4.014999999999999680e+00
-3.363819999999999766e+01 -8.401600000000000179e+00 4.909799999999999720e+00
-1.622259999999999991e+01 -3.787039999999999651e+01 4.909799999999999720e+00
1.513579999999999970e+01 -4.050030000000000285e+01 4.909799999999999720e+00
-7.089500000000000135e+00 -2.595009999999999906e+01 4.909799999999999720e+00
-2.781589999999999918e+01 -1.209110000000000085e+01 3.689999999999999947e+00
-8.150499999999999190e+00 -2.164010000000000034e+01 3.689999999999999947e+00
2.095720000000000027e+01 -4.098060000000000258e+01 3.689999999999999947e+00
-1.837030000000000030e+01 -3.290050000000000097e+01 3.689999999999999947e+00
-1.266530000000000022e+01 -2.859860000000000113e+01 3.689999999999999947e+00
-2.186390000000000100e+01 -2.352070000000000149e+01 2.951999999999999957e+00
-2.147560000000000002e+01 -2.592070000000000007e+01 2.951999999999999957e+00
-9.291999999999999815e+00 -5.014899999999999913e+00 4.192499999999999893e+00
-6.982599999999999696e+00 -6.004900000000000126e+00 4.192499999999999893e+00
1.885269999999999868e+01 -3.569809999999999661e+01 5.659900000000000375e+00
-1.373760000000000048e+01 -3.517949999999999733e+01 5.659900000000000375e+00
-2.483999999999999986e+00 -2.220840000000000103e+01 5.659900000000000375e+00
-3.251689999999999969e+01 -3.705900000000000194e+00 5.659900000000000375e+00
-5.680100000000000371e+00 1.824840000000000018e+01 4.022499999999999964e+00
7.737400000000000055e+00 1.802149999999999963e+01 4.022499999999999964e+00
3.106400000000000006e+01 -3.180200000000000138e+00 4.022499999999999964e+00
-4.179199999999999804e+00 1.841039999999999921e+01 4.022499999999999964e+00
5.835399999999999920e+00 1.843919999999999959e+01 4.022499999999999964e+00
3.206020000000000181e+01 -4.112700000000000244e+00 4.022499999999999964e+00
