-1.205300000000000082e+01 4.696860000000000213e+01 1.895999999999999908e+00
-2.102339999999999876e+01 3.994830000000000325e+01 1.895999999999999908e+00
-3.375970000000000226e+01 2.149040000000000106e+01 1.895999999999999908e+00
-1.347630000000000017e+01 4.592819999999999681e+01 1.895000000000000018e+00
-1.946209999999999951e+01 4.177000000000000313e+01 1.895000000000000018e+00
-3.415740000000000265e+01 2.083869999999999933e+01 1.895000000000000018e+00
2.070949999999999847e+01 2.707829999999999870e+01 1.989400000000000057e+00
6.012900000000000134e+00 1.316840000000000011e+01 1.989400000000000057e+00
-1.555869999999999997e+01 -3.859900000000000109e+00 1.989400000000000057e+00
2.057140000000000057e+01 2.668949999999999889e+01 1.989999999999999991e+00
6.341599999999999682e+00 1.316840000000000011e+01 1.989999999999999991e+00
-1.576249999999999929e+01 -4.381899999999999906e+00 1.989999999999999991e+00
-8.930099999999999483e+00 4.156869999999999976e+01 2.088099999999999845e+00
-1.166820000000000057e+01 3.988029999999999831e+01 2.088099999999999845e+00
-3.298010000000000019e+01 1.271000000000000085e+01 2.088099999999999845e+00
3.637270000000000181e+01 -9.063000000000000611e+00 2.298200000000000021e+00
2.830630000000000024e+01 -1.842249999999999943e+01 2.298200000000000021e+00
1.286200000000000010e+00 -3.334360000000000213e+01 2.298200000000000021e+00
-6.983699999999999797e+00 1.537870000000000026e+01 1.005400000000000071e+00
-4.054999999999999716e+00 1.758920000000000172e+01 1.005400000000000071e+00
9.283799999999999386e+00 3.103509999999999991e+01 1.005400000000000071e+00
3.123979999999999890e+01 6.669299999999999784e+00 3.217499999999999805e+00
1.628409999999999869e+01 -1.908700000000000063e+00 3.217499999999999805e+00
-1.069699999999999918e+01 -2.485849999999999937e+01 3.217499999999999805e+00
3.566349999999999909e+01 1.078200000000000047e+00 1.633299999999999974e+00
1.985630000000000095e+01 -1.556000000000000050e+01 1.633299999999999974e+00
4.135699999999999932e+00 -2.408079999999999998e+01 1.633299999999999974e+00
4.281029999999999802e+01 -2.252039999999999864e+01 1.965600000000000014e+00
2.877199999999999847e+01 -3.565209999999999724e+01 1.965600000000000014e+00
1.803450000000000131e+01 -4.006880000000000308e+01 1.965600000000000014e+00
2.369059999999999988e+01 -4.221099999999999852e+01 2.218199999999999950e+00
2.785470000000000113e+01 -4.085040000000000049e+01 2.218199999999999950e+00
4.520600000000000307e+01 -2.499380000000000024e+01 2.218199999999999950e+00
-2.452919999999999945e+01 9.139300000000000423e+00 2.094300000000000050e+00
-8.285600000000000520e+00 2.882829999999999870e+01 2.094300000000000050e+00
9.011100000000000776e+00 3.922870000000000346e+01 2.094300000000000050e+00
-3.085600000000000165e+01 5.128419999999999845e+01 3.235500000000000043e+00
-3.247650000000000148e+01 4.984409999999999741e+01 3.235500000000000043e+00
-3.946450000000000102e+01 4.234470000000000312e+01 3.235500000000000043e+00
-3.640630000000000166e+01 2.764620000000000033e+01 2.106700000000000017e+00
-3.412530000000000285e+01 3.100509999999999877e+01 2.106700000000000017e+00
-1.690500000000000114e+01 5.074490000000000123e+01 2.106700000000000017e+00
2.058800000000000185e+00 2.740640000000000143e+01 9.396999999999999797e-01
7.012000000000000455e-01 2.570720000000000027e+01 9.396999999999999797e-01
2.845019999999999882e+01 -3.008289999999999864e+01 5.365000000000000213e+00
6.676099999999999923e+00 -3.904959999999999809e+01 5.365000000000000213e+00
4.635459999999999781e+01 -9.492300000000000182e+00 5.365000000000000213e+00
2.573410000000000153e+01 4.858900000000000219e+00 5.105999999999999872e+00
2.065899999999999892e+01 1.651499999999999968e+00 5.105999999999999872e+00
-1.343099999999999961e+00 -3.238960000000000150e+01 3.490899999999999892e+00
2.519379999999999953e+01 -1.880030000000000001e+01 3.490899999999999892e+00
3.992309999999999803e+01 -1.359299999999999953e+00 3.490899999999999892e+00
1.136630000000000074e+01 -3.074089999999999989e+01 3.440599999999999881e+00
1.915579999999999927e+01 -2.615840000000000032e+01 3.440599999999999881e+00
4.727259999999999707e+01 1.771999999999999964e-01 3.440599999999999881e+00
-2.687470000000000070e+01 4.277400000000000091e+01 3.288499999999999979e+00
-1.465990000000000038e+01 5.271059999999999945e+01 3.288499999999999979e+00
-3.994930000000000092e+01 2.329350000000000165e+01 3.288499999999999979e+00
3.535060000000000002e+01 -7.399799999999999933e+00 3.252600000000000158e+00
2.877319999999999922e+01 -1.569730000000000025e+01 3.252600000000000158e+00
5.239899999999999558e+00 -3.610479999999999734e+01 4.121800000000000352e+00
2.576529999999999987e+01 -2.578790000000000049e+01 4.121800000000000352e+00
4.492199999999999704e+01 -5.341400000000000148e+00 4.121800000000000352e+00
1.031850000000000023e+01 2.515000000000000013e-01 3.870999999999999996e+00
-1.016140000000000043e+01 -1.881050000000000111e+01 3.870999999999999996e+00
-1.011209999999999987e+01 -2.034410000000000096e+01 4.103200000000000180e+00
1.124210000000000065e+01 -4.072999999999999954e-01 4.103200000000000180e+00
3.439260000000000161e+01 1.492029999999999923e+01 4.103200000000000180e+00
6.082200000000000273e+00 3.568639999999999901e+01 3.292199999999999793e+00
-4.702700000000000102e+00 3.122599999999999909e+01 3.292199999999999793e+00
3.910179999999999723e+01 3.803100000000000147e+00 3.077300000000000146e+00
-2.125399999999999956e+00 -2.790399999999999991e+01 3.077300000000000146e+00
2.170009999999999906e+01 -1.649249999999999972e+01 3.077300000000000146e+00
-3.259300000000000086e+00 -2.795439999999999969e+01 3.110300000000000065e+00
3.823409999999999798e+01 3.554800000000000182e+00 3.110300000000000065e+00
2.208800000000000097e+01 -1.576890000000000036e+01 3.110300000000000065e+00
-2.641250000000000142e+01 8.289600000000000080e+00 3.288199999999999790e+00
-9.853500000000000369e+00 2.847190000000000154e+01 3.288199999999999790e+00
-4.530120000000000147e+01 2.916100000000000136e+01 6.145199999999999996e+00
-3.647330000000000183e+01 4.403699999999999903e+01 6.145199999999999996e+00
-2.132989999999999853e+01 5.628509999999999991e+01 6.145199999999999996e+00
-3.525160000000000338e+01 1.610829999999999984e+01 3.606500000000000039e+00
-2.160839999999999961e+01 3.685589999999999833e+01 3.606500000000000039e+00
-1.948199999999999932e+00 4.997840000000000060e+01 3.606500000000000039e+00
2.000450000000000017e+01 -9.123200000000000642e+00 3.923000000000000043e+00
3.272529999999999717e+01 3.839599999999999902e+00 3.923000000000000043e+00
4.651799999999999713e+00 -1.901200000000000045e+01 2.542499999999999982e+00
1.461069999999999958e+01 -1.392900000000000027e+01 2.542499999999999982e+00
1.665099999999999980e+01 -3.452830000000000155e+01 5.972900000000000098e+00
2.058190000000000097e+01 -3.260969999999999658e+01 5.972900000000000098e+00
3.106319999999999837e+01 -2.869340000000000046e+01 3.922800000000000065e+00
4.388580000000000325e+01 -1.381930000000000014e+01 3.922800000000000065e+00
1.118200000000000038e+01 -4.037810000000000343e+01 5.639000000000000234e+00
2.770390000000000086e+01 -3.456479999999999819e+01 5.639000000000000234e+00
4.896090000000000231e+01 -1.051500000000000057e+01 5.639000000000000234e+00
